O;Sc;Poliza ;Endoso;Cu;Asegurado              ;E;No.Rec;CM;Fec.Rec. ;Prima Prop.; Premio Mon.;Premio Pesos; Comis. Neta; Premio Neto;Grupo;Cod.Produc;Productor                     ;Preliq;Cfp; Com.Br.Prod; Com.Ne.Prod;Cfo; Com.Br.Orga; Com.Ne.Orga; Pol.Aut; E.Aut.; Pol.Vid; E.Vida;Renueva;Renovad;TC;V;                                               
6;10; 190833;     0; 3;STOPPA GENARO LORENZ; ;0000000;00;25/02/2014;       63,75;      109,75;      109,75;        0,00;      109,75;   11;8002131844;BESMALINOVICH JUAN CAR        ;00049462;MT ;       15,94;       15,62;MT ;        0,00;        0,00;       ;      ;       ;      ; 163440;       ;BR;3;                                                 
6;10; 190833;     0; 4;STOPPA GENARO LORENZ; ;0000000;00;25/03/2014;       63,74;      109,75;      109,75;        0,00;      109,75;   11;8002131844;BESMALINOVICH JUAN CAR        ;00049462;MT ;       15,94;       15,62;MT ;        0,00;        0,00;       ;      ;       ;      ; 163440;       ;BR;3;                                                 
6;10; 191949;     0; 4;CONTE ALDOVINO CARLO; ;0000000;00;25/03/2014;       51,69;       89,00;       89,00;        0,00;       89,00;   11;8002131844;BESMALINOVICH JUAN CAR        ;00049462;MT ;       12,92;       12,66;MT ;        0,00;        0,00;       ;      ;       ;      ;       ;       ;BR;3;                                                 
6;21;  76846;219037; 1;METALURGICA NP S.A. ; ;0000000;00;16/01/2012;        0,00;       12,00;       12,00;        0,00;       12,00;   11;8002131844;BESMALINOVICH JUAN CAR        ;00049462;MT ;        0,00;        0,00;MT ;        0,00;        0,00;       ;      ;       ;      ;  63739;  90793;BR;3;                                                 
6;21;  82543;     0; 1;BIASUTTO ANTONIA    ; ;0000000;00;25/04/2012;       29,52;       41,52;       41,52;        0,00;       41,52;   11;8002131844;BESMALINOVICH JUAN CAR        ;00049462;MT ;        2,36;        2,31;MT ;        0,00;        0,00;       ;      ;       ;      ;  70079;  95977;BR;3;                                                 
6;21;  90935;     0; 1;MIRJANOVICH CRISTO  ; ;0000000;00;25/12/2012;       59,04;       71,04;       71,04;        0,00;       71,04;   11;8002131844;BESMALINOVICH JUAN CAR        ;00049462;MT ;        4,72;        4,63;MT ;        0,00;        0,00;       ;      ;       ;      ;  77104; 105759;BR;3;                                                 
6;21;  92431;     0; 1;JAURENA HECTOR      ; ;0000000;00;25/01/2013;       29,52;       41,52;       41,52;        0,00;       41,52;   11;8002131844;BESMALINOVICH JUAN CAR        ;00049462;MT ;        2,36;        2,31;MT ;        0,00;        0,00;       ;      ;       ;      ;  78653; 107590;BR;3;                                                 
6;21;  93371;     0; 1;LORENZATI MARIO AGUS; ;0000000;00;25/02/2013;       29,52;       41,52;       41,52;        0,00;       41,52;   11;8002131844;BESMALINOVICH JUAN CAR        ;00049462;MT ;        2,36;        2,31;MT ;        0,00;        0,00;       ;      ;       ;      ;  79534;       ;BR;3;                                                 
6;21;  94268;     0; 1;LELLI  MARIANA RAQUE; ;0000000;00;25/02/2013;       29,52;       41,52;       41,52;        0,00;       41,52;   11;8002131844;BESMALINOVICH JUAN CAR        ;00049462;MT ;        2,36;        2,31;MT ;        0,00;        0,00;       ;      ;       ;      ;  80672;       ;BR;3;                                                 
6;21;  95977;     0; 1;BIASUTTO ANTONIA    ; ;0000000;00;25/04/2013;       29,52;       41,52;       41,52;        0,00;       41,52;   11;8002131844;BESMALINOVICH JUAN CAR        ;00049462;MT ;        2,36;        2,31;MT ;        0,00;        0,00;       ;      ;       ;      ;  82543;       ;BR;3;                                                 
6;21;  98211;     0; 1;PIEDRA MERCEDES     ; ;0000000;00;25/06/2013;       29,52;       41,52;       41,52;        0,00;       41,52;   11;8002131844;BESMALINOVICH JUAN CAR        ;00049462;MT ;        2,36;        2,31;MT ;        0,00;        0,00;       ;      ;       ;      ;  84062;       ;BR;3;                                                 
6;21; 100835;     0; 1;RESIALE  NELIDA DORA; ;0000000;00;09/08/2013;       29,52;       41,52;       41,52;        0,00;       41,52;   11;8002131844;BESMALINOVICH JUAN CAR        ;00049462;MT ;        1,18;        1,16;MT ;        0,00;        0,00;       ;      ;       ;      ;       ;       ;BR;3;                                                 
6;21; 100877;     0; 1;MORAN JORGE ISMAEL  ; ;0000000;00;09/08/2013;       29,52;       41,52;       41,52;        0,00;       41,52;   11;8002131844;BESMALINOVICH JUAN CAR        ;00049462;MT ;        1,18;        1,16;MT ;        0,00;        0,00;       ;      ;       ;      ;       ;       ;BR;3;                                                 
6;21; 100945;     0; 1;ROJAS ESTELA MARYS  ; ;0000000;00;23/08/2013;       29,52;       41,52;       41,52;        0,00;       41,52;   11;8002131844;BESMALINOVICH JUAN CAR        ;00049462;MT ;        1,18;        1,16;MT ;        0,00;        0,00;       ;      ;       ;      ;       ;       ;BR;3;                                                 
6;21; 100946;     0; 1;SUC.DE CUNEO CARLOS ; ;0000000;00;23/08/2013;       29,52;       41,52;       41,52;        0,00;       41,52;   11;8002131844;BESMALINOVICH JUAN CAR        ;00049462;MT ;        1,18;        1,16;MT ;        0,00;        0,00;       ;      ;       ;      ;       ;       ;BR;3;                                                 
6;21; 103565;     0; 1;GIEROTTO SERGIO VALE; ;0000000;00;25/10/2013;       29,52;       41,52;       41,52;        0,00;       41,52;   11;8002131844;BESMALINOVICH JUAN CAR        ;00049462;MT ;        1,18;        1,16;MT ;        0,00;        0,00;       ;      ;       ;      ;  88865;       ;BR;3;                                                 
6;21; 103987;     0; 1;GILLI LUIS ESTEBAN  ; ;0000000;00;08/11/2013;       29,52;       41,52;       41,52;        0,00;       41,52;   11;8002131844;BESMALINOVICH JUAN CAR        ;00049462;MT ;        1,18;        1,16;MT ;        0,00;        0,00;       ;      ;       ;      ;       ;       ;BR;3;                                                 
6;21; 104007;     0; 1;MONCHIETTI ARSENIO  ; ;0000000;00;08/11/2013;       29,52;       41,52;       41,52;        0,00;       41,52;   11;8002131844;BESMALINOVICH JUAN CAR        ;00049462;MT ;        1,18;        1,16;MT ;        0,00;        0,00;       ;      ;       ;      ;       ;       ;BR;3;                                                 
6;21; 104929;     0; 1;CERQUETTI JOSE VICEN; ;0000000;00;25/11/2013;       29,52;       41,52;       41,52;        0,00;       41,52;   11;8002131844;BESMALINOVICH JUAN CAR        ;00049462;MT ;        1,18;        1,16;MT ;        0,00;        0,00;       ;      ;       ;      ;  90209;       ;BR;3;                                                 
6;21; 105100;     0; 1;PETTITI JULIO CESAR ; ;0000000;00;25/11/2013;       29,52;       41,52;       41,52;        0,00;       41,52;   11;8002131844;BESMALINOVICH JUAN CAR        ;00049462;MT ;        1,18;        1,16;MT ;        0,00;        0,00;       ;      ;       ;      ;       ;       ;BR;3;                                                 
6;21; 105759;     0; 1;MIRJANOVICH CRISTO  ; ;0000000;00;25/12/2013;       59,04;       71,04;       71,04;        0,00;       71,04;   11;8002131844;BESMALINOVICH JUAN CAR        ;00049462;MT ;        2,36;        2,31;MT ;        0,00;        0,00;       ;      ;       ;      ;  90935;       ;BR;3;                                                 
6;21; 106261;     0; 1;PILAR LILIANA NOELIA; ;0000000;00;25/12/2013;       29,52;       41,52;       41,52;        0,00;       41,52;   11;8002131844;BESMALINOVICH JUAN CAR        ;00049462;MT ;        1,18;        1,16;MT ;        0,00;        0,00;       ;      ;       ;      ;       ;       ;BR;3;                                                 
6;21; 107590;     0; 1;JAURENA HECTOR      ; ;0000000;00;24/01/2014;       29,52;       41,52;       41,52;        0,00;       41,52;   11;8002131844;BESMALINOVICH JUAN CAR        ;00049462;MT ;        2,36;        2,31;MT ;        0,00;        0,00;       ;      ;       ;      ;  92431;       ;BR;3;                                                 
6;21; 108298;     0; 1;GERBALDO  SARA ALEJA; ;0000000;00;10/02/2014;       59,04;       71,04;       71,04;        0,00;       71,04;   11;8002131844;BESMALINOVICH JUAN CAR        ;00049462;MT ;        2,36;        2,31;MT ;        0,00;        0,00;       ;      ;       ;      ;       ;       ;BR;3;                                                 
6;21; 108299;     0; 1;MARCHALL FRANCISCO  ; ;0000000;00;10/02/2014;       29,52;       41,52;       41,52;        0,00;       41,52;   11;8002131844;BESMALINOVICH JUAN CAR        ;00049462;MT ;        1,18;        1,16;MT ;        0,00;        0,00;       ;      ;       ;      ;       ;       ;BR;3;                                                 
6;21; 108301;     0; 1;JURADO AGUSTIN JOSE ; ;0000000;00;10/02/2014;       29,52;       41,52;       41,52;        0,00;       41,52;   11;8002131844;BESMALINOVICH JUAN CAR        ;00049462;MT ;        1,18;        1,16;MT ;        0,00;        0,00;       ;      ;       ;      ;       ;       ;BR;3;                                                 
6;21; 108302;     0; 1;LORENZATI GABRIEL AL; ;0000000;00;10/02/2014;       29,52;       41,52;       41,52;        0,00;       41,52;   11;8002131844;BESMALINOVICH JUAN CAR        ;00049462;MT ;        1,18;        1,16;MT ;        0,00;        0,00;       ;      ;       ;      ;       ;       ;BR;3;                                                 
6;21; 108303;     0; 1;MARIN DIEGO RAFAEL  ; ;0000000;00;10/02/2014;       29,52;       41,52;       41,52;        0,00;       41,52;   11;8002131844;BESMALINOVICH JUAN CAR        ;00049462;MT ;        1,18;        1,16;MT ;        0,00;        0,00;       ;      ;       ;      ;       ;       ;BR;3;                                                 
6;21; 108304;     0; 1;RAMPOLDI  RICARDO GA; ;0000000;00;10/02/2014;       29,52;       41,52;       41,52;        0,00;       41,52;   11;8002131844;BESMALINOVICH JUAN CAR        ;00049462;MT ;        1,18;        1,16;MT ;        0,00;        0,00;       ;      ;       ;      ;       ;       ;BR;3;                                                 
6;22;  55289;210775; 5;FELIPPONE ALBERTO GA; ;0000000;00;10/12/2013;        6,88;        9,00;        9,00;        0,00;        9,00;   11;8002131844;BESMALINOVICH JUAN CAR        ;00049462;MT ;        1,72;        1,69;MT ;        0,00;        0,00;       ;      ;       ;      ;  46279;  68147;BR;3;                                                 
6;22;  55289;210775; 6;FELIPPONE ALBERTO GA; ;0000000;00;12/12/2013;        6,88;        9,00;        9,00;        0,00;        9,00;   11;8002131844;BESMALINOVICH JUAN CAR        ;00049462;MT ;        1,72;        1,69;MT ;        0,00;        0,00;       ;      ;       ;      ;  46279;  68147;BR;3;                                                 
6;22;  57719;236140; 1;SASSAROLI  SEBASTIAN; ;0000000;00;10/12/2013;      122,34;      160,00;      160,00;        0,00;      160,00;   11;8002131844;BESMALINOVICH JUAN CAR        ;00049462;MT ;       31,00;       30,38;MT ;        0,00;        0,00;       ;      ;       ;      ;       ;       ;BR;3;                                                 
6;22;  60880;231584; 3;ORGANIZACION NELDO R; ;0000000;00;10/02/2014;      489,36;      640,00;      640,00;        0,00;      640,00;   11;8002131844;BESMALINOVICH JUAN CAR        ;00049462;MT ;      122,34;      119,89;MT ;        0,00;        0,00;       ;      ;       ;      ;  50532;       ;BR;3;                                                 
6;22;  61611;238592; 1;SUC.DE SERRA JOSE JO; ;0000000;00;10/01/2014;      122,34;      160,00;      160,00;        0,00;      160,00;   11;8002131844;BESMALINOVICH JUAN CAR        ;00049462;MT ;       30,59;       29,98;MT ;        0,00;        0,00;       ;      ;       ;      ;       ;       ;BR;3;                                                 
6;22;  61915;     0; 5;DISTRIBUIDORA BAEZA ; ;0000000;00;24/01/2014;      513,85;      672,00;      672,00;        0,00;      672,00;   11;8002131844;BESMALINOVICH JUAN CAR        ;00049462;MT ;      128,46;      125,89;MT ;        0,00;        0,00;       ;      ;       ;      ;  51377;       ;BR;3;                                                 
7;22;  61915;236396; 1;DISTRIBUIDORA BAEZA ; ;0000000;00;10/12/2013;     -111,92;     -146,37;     -146,37;        0,00;     -146,37;   11;8002131844;BESMALINOVICH JUAN CAR        ;00049462;MT ;      -27,98;      -27,42;MT ;        0,00;        0,00;       ;      ;       ;      ;  51377;       ;BR;3;                                                 
7;22;  61915;236396; 2;DISTRIBUIDORA BAEZA ; ;0000000;00;10/01/2014;     -111,92;     -146,37;     -146,37;        0,00;     -146,37;   11;8002131844;BESMALINOVICH JUAN CAR        ;00049462;MT ;      -27,98;      -27,42;MT ;        0,00;        0,00;       ;      ;       ;      ;  51377;       ;BR;3;                                                 
7;22;  61915;236396; 3;DISTRIBUIDORA BAEZA ; ;0000000;00;10/02/2014;     -111,92;     -146,37;     -146,37;        0,00;     -146,37;   11;8002131844;BESMALINOVICH JUAN CAR        ;00049462;MT ;      -27,98;      -27,42;MT ;        0,00;        0,00;       ;      ;       ;      ;  51377;       ;BR;3;                                                 
7;22;  61915;236396; 4;DISTRIBUIDORA BAEZA ; ;0000000;00;28/02/2014;     -111,91;     -146,37;     -146,37;        0,00;     -146,37;   11;8002131844;BESMALINOVICH JUAN CAR        ;00049462;MT ;      -27,98;      -27,42;MT ;        0,00;        0,00;       ;      ;       ;      ;  51377;       ;BR;3;                                                 
6;22;  62721;     0; 3;BORRI DANIEL ALCIDES; ;0000000;00;10/12/2013;       30,59;       40,00;       40,00;        0,00;       40,00;   11;8002131844;BESMALINOVICH JUAN CAR        ;00049462;MT ;        7,65;        7,50;MT ;        0,00;        0,00;       ;      ;       ;      ;       ;       ;BR;3;                                                 
6;22;  62721;     0; 4;BORRI DANIEL ALCIDES; ;0000000;00;10/01/2014;       30,58;       40,00;       40,00;        0,00;       40,00;   11;8002131844;BESMALINOVICH JUAN CAR        ;00049462;MT ;        7,64;        7,49;MT ;        0,00;        0,00;       ;      ;       ;      ;       ;       ;BR;3;                                                 
6;22;  62721;247182; 1;BORRI DANIEL ALCIDES; ;0000000;00;10/02/2014;       30,58;       40,00;       40,00;        0,00;       40,00;   11;8002131844;BESMALINOVICH JUAN CAR        ;00049462;MT ;        7,65;        7,50;MT ;        0,00;        0,00;       ;      ;       ;      ;       ;       ;BR;3;                                                 
6;22;  62721;247182; 2;BORRI DANIEL ALCIDES; ;0000000;00;10/03/2014;       30,58;       40,00;       40,00;        0,00;       40,00;   11;8002131844;BESMALINOVICH JUAN CAR        ;00049462;MT ;        7,65;        7,50;MT ;        0,00;        0,00;       ;      ;       ;      ;       ;       ;BR;3;                                                 
6;22;  65739;249856; 1;CRAVERO DE ROVETTO N; ;0000000;00;25/02/2014;      367,02;      480,00;      480,00;        0,00;      480,00;   11;8002131844;BESMALINOVICH JUAN CAR        ;00049462;MT ;       91,79;       89,95;MT ;        0,00;        0,00;       ;      ;       ;      ;  53294;       ;BR;3;                                                 
6;22;  66698;250192; 1;CECCHINI  CRISTIAN A; ;0000000;00;25/02/2014;      122,34;      160,00;      160,00;        0,00;      160,00;   11;8002131844;BESMALINOVICH JUAN CAR        ;00049462;MT ;       30,59;       29,98;MT ;        0,00;        0,00;       ;      ;       ;      ;       ;       ;BR;3;                                                 
6;22;  66954;     0; 2;BAZAN TERESA MARIA  ; ;0000000;00;10/12/2013;       30,58;       40,00;       40,00;        0,00;       40,00;   11;8002131844;BESMALINOVICH JUAN CAR        ;00049462;MT ;        7,65;        7,50;MT ;        0,00;        0,00;       ;      ;       ;      ;       ;       ;BR;3;                                                 
6;22;  66954;     0; 3;BAZAN TERESA MARIA  ; ;0000000;00;10/01/2014;       30,59;       40,00;       40,00;        0,00;       40,00;   11;8002131844;BESMALINOVICH JUAN CAR        ;00049462;MT ;        7,65;        7,50;MT ;        0,00;        0,00;       ;      ;       ;      ;       ;       ;BR;3;                                                 
6;22;  66954;     0; 4;BAZAN TERESA MARIA  ; ;0000000;00;09/02/2014;       30,58;       40,00;       40,00;        0,00;       40,00;   11;8002131844;BESMALINOVICH JUAN CAR        ;00049462;MT ;        7,64;        7,49;MT ;        0,00;        0,00;       ;      ;       ;      ;       ;       ;BR;3;                                                 
6;22;  67155;     0; 3;COOP.PROM Y DESARROL; ;0000000;00;10/01/2014;      631,40;      825,74;      825,74;        0,00;      825,74;   11;8002131844;BESMALINOVICH JUAN CAR        ;00049462;MT ;      158,73;      155,56;MT ;        0,00;        0,00;       ;      ;       ;      ;  53859;       ;BR;3;                                                 
7;22;  67155;228982; 1;COOP.PROM Y DESARROL; ;0000000;00;25/11/2013;       -3,26;       -4,27;       -4,27;        0,00;       -4,27;   11;8002131844;BESMALINOVICH JUAN CAR        ;00049462;MT ;       -0,82;       -0,80;MT ;        0,00;        0,00;       ;      ;       ;      ;  53859;       ;BR;3;                                                 
7;22;  67155;228982; 2;COOP.PROM Y DESARROL; ;0000000;00;25/12/2013;       -3,26;       -4,26;       -4,26;        0,00;       -4,26;   11;8002131844;BESMALINOVICH JUAN CAR        ;00049462;MT ;       -0,82;       -0,80;MT ;        0,00;        0,00;       ;      ;       ;      ;  53859;       ;BR;3;                                                 
7;22;  67155;228982; 3;COOP.PROM Y DESARROL; ;0000000;00;24/01/2014;       -3,25;       -4,26;       -4,26;        0,00;       -4,26;   11;8002131844;BESMALINOVICH JUAN CAR        ;00049462;MT ;       -0,82;       -0,80;MT ;        0,00;        0,00;       ;      ;       ;      ;  53859;       ;BR;3;                                                 
6;22;  67245;     0; 2;BORDIGA ALDO ANTONIO; ;0000000;00;08/12/2013;       84,11;      110,00;      110,00;        0,00;      110,00;   11;8002131844;BESMALINOVICH JUAN CAR        ;00049462;MT ;       21,03;       20,61;MT ;        0,00;        0,00;       ;      ;       ;      ;       ;       ;BR;3;                                                 
6;22;  67245;     0; 3;BORDIGA ALDO ANTONIO; ;0000000;00;08/01/2014;       84,11;      110,00;      110,00;        0,00;      110,00;   11;8002131844;BESMALINOVICH JUAN CAR        ;00049462;MT ;       21,03;       20,61;MT ;        0,00;        0,00;       ;      ;       ;      ;       ;       ;BR;3;                                                 
6;22;  67245;     0; 4;BORDIGA ALDO ANTONIO; ;0000000;00;08/02/2014;       84,11;      110,00;      110,00;        0,00;      110,00;   11;8002131844;BESMALINOVICH JUAN CAR        ;00049462;MT ;       21,02;       20,60;MT ;        0,00;        0,00;       ;      ;       ;      ;       ;       ;BR;3;                                                 
6;22;  67625;     0; 1;GARELLO OCTAVIO MARC; ;0000000;00;10/12/2013;      734,06;      960,00;      960,00;        0,00;      960,00;   11;8002131844;BESMALINOVICH JUAN CAR        ;00049462;MT ;      183,52;      179,85;MT ;        0,00;        0,00;       ;      ;       ;      ;  54547;       ;BR;3;                                                 
7;22;  67625;241014; 1;GARELLO OCTAVIO MARC; ;0000000;00;24/01/2014;     -327,71;     -428,57;     -428,57;        0,00;     -428,57;   11;8002131844;BESMALINOVICH JUAN CAR        ;00049462;MT ;      -81,93;      -80,29;MT ;        0,00;        0,00;       ;      ;       ;      ;  54547;       ;BR;3;                                                 
6;22;  67683;     0; 1;FONTANA  HORACIO SAN; ;0000000;00;10/12/2013;       84,10;      110,00;      110,00;        0,00;      110,00;   11;8002131844;BESMALINOVICH JUAN CAR        ;00049462;MT ;       21,31;       20,88;MT ;        0,00;        0,00;       ;      ;       ;      ;  55014;       ;BR;3;                                                 
6;22;  67888;     0; 1;ROCCIA MARICEL      ; ;0000000;00;10/12/2013;       30,58;       40,00;       40,00;        0,00;       40,00;   11;8002131844;BESMALINOVICH JUAN CAR        ;00049462;MT ;        7,65;        7,50;MT ;        0,00;        0,00;       ;      ;       ;      ;       ;       ;BR;3;                                                 
6;22;  67888;     0; 2;ROCCIA MARICEL      ; ;0000000;00;10/01/2014;       30,58;       40,00;       40,00;        0,00;       40,00;   11;8002131844;BESMALINOVICH JUAN CAR        ;00049462;MT ;        7,65;        7,50;MT ;        0,00;        0,00;       ;      ;       ;      ;       ;       ;BR;3;                                                 
6;22;  67888;     0; 3;ROCCIA MARICEL      ; ;0000000;00;10/02/2014;       30,59;       40,00;       40,00;        0,00;       40,00;   11;8002131844;BESMALINOVICH JUAN CAR        ;00049462;MT ;        7,65;        7,50;MT ;        0,00;        0,00;       ;      ;       ;      ;       ;       ;BR;3;                                                 
6;22;  67888;     0; 4;ROCCIA MARICEL      ; ;0000000;00;10/03/2014;       30,58;       40,00;       40,00;        0,00;       40,00;   11;8002131844;BESMALINOVICH JUAN CAR        ;00049462;MT ;        7,64;        7,49;MT ;        0,00;        0,00;       ;      ;       ;      ;       ;       ;BR;3;                                                 
6;22;  67897;     0; 1;GRAZIANI DANIEL ARMA; ;0000000;00;25/12/2013;      168,20;      220,00;      220,00;        0,00;      220,00;   11;8002131844;BESMALINOVICH JUAN CAR        ;00049462;MT ;       42,62;       41,77;MT ;        0,00;        0,00;       ;      ;       ;      ;  55299;       ;BR;3;                                                 
6;22;  67965;     0; 1;ALLENDE  ELSO RAUL  ; ;0000000;00;25/12/2013;      367,03;      480,00;      480,00;        0,00;      480,00;   11;8002131844;BESMALINOVICH JUAN CAR        ;00049462;MT ;       92,97;       91,11;MT ;        0,00;        0,00;       ;      ;       ;      ;  55327;       ;BR;3;                                                 
6;22;  67966;     0; 1;OBULGEN MARISA DEL V; ;0000000;00;25/12/2013;      368,03;      480,00;      480,00;        0,00;      480,00;   11;8002131844;BESMALINOVICH JUAN CAR        ;00049462;MT ;       93,22;       91,36;MT ;        0,00;        0,00;       ;      ;       ;      ;  55328;       ;BR;3;                                                 
6;22;  67978;     0; 1;CRAVERO ITALO JOSE  ; ;0000000;00;25/12/2013;        1,00;      220,00;      220,00;        0,00;      220,00;   11;8002131844;BESMALINOVICH JUAN CAR        ;00049462;MT ;        0,25;        0,24;MT ;        0,00;        0,00;       ;      ;       ;      ;  55156;       ;BR;3;                                                 
6;22;  67983;     0; 1;MORALES ALDO        ; ;0000000;00;25/12/2013;      367,03;      480,00;      480,00;        0,00;      480,00;   11;8002131844;BESMALINOVICH JUAN CAR        ;00049462;MT ;       91,72;       89,89;MT ;        0,00;        0,00;       ;      ;       ;      ;  55189;       ;BR;3;                                                 
6;22;  67991;     0; 1;CARRANZA PEDRO RAMON; ;0000000;00;25/12/2013;       84,10;      110,00;      110,00;        0,00;      110,00;   11;8002131844;BESMALINOVICH JUAN CAR        ;00049462;MT ;       21,03;       20,61;MT ;        0,00;        0,00;       ;      ;       ;      ;       ;       ;BR;3;                                                 
6;22;  68025;     0; 1;TAGLIAFERRO ELSA ANA; ;0000000;00;10/01/2014;      367,03;      480,00;      480,00;        0,00;      480,00;   11;8002131844;BESMALINOVICH JUAN CAR        ;00049462;MT ;       93,01;       91,15;MT ;        0,00;        0,00;       ;      ;       ;      ;  55438;       ;BR;3;                                                 
6;22;  68026;     0; 1;KOIFMAN NATALIA PAOL; ;0000000;00;10/01/2014;      367,03;      480,00;      480,00;        0,00;      480,00;   11;8002131844;BESMALINOVICH JUAN CAR        ;00049462;MT ;       93,01;       91,15;MT ;        0,00;        0,00;       ;      ;       ;      ;  55439;       ;BR;3;                                                 
6;22;  68112;     0; 1;CECCHINI JAVIER AKEJ; ;0000000;00;25/12/2013;       84,10;      110,00;      110,00;        0,00;      110,00;   11;8002131844;BESMALINOVICH JUAN CAR        ;00049462;MT ;       21,03;       20,61;MT ;        0,00;        0,00;       ;      ;       ;      ;       ;       ;BR;3;                                                 
6;22;  68114;     0; 1;LUBATTI LEONARDO Y B; ;0000000;00;25/12/2013;      122,34;      160,00;      160,00;        0,00;      160,00;   11;8002131844;BESMALINOVICH JUAN CAR        ;00049462;MT ;       30,59;       29,98;MT ;        0,00;        0,00;       ;      ;       ;      ;       ;       ;BR;3;                                                 
6;22;  68147;     0; 1;FELIPPONE ALBERTO GA; ;0000000;00;10/01/2014;       91,76;      120,00;      120,00;        0,00;      120,00;   11;8002131844;BESMALINOVICH JUAN CAR        ;00049462;MT ;       22,93;       22,47;MT ;        0,00;        0,00;       ;      ;       ;      ;  55289;       ;BR;3;                                                 
6;22;  68147;     0; 2;FELIPPONE ALBERTO GA; ;0000000;00;10/02/2014;       91,75;      120,00;      120,00;        0,00;      120,00;   11;8002131844;BESMALINOVICH JUAN CAR        ;00049462;MT ;       22,93;       22,47;MT ;        0,00;        0,00;       ;      ;       ;      ;  55289;       ;BR;3;                                                 
6;22;  68147;     0; 3;FELIPPONE ALBERTO GA; ;0000000;00;10/03/2014;       91,76;      120,00;      120,00;        0,00;      120,00;   11;8002131844;BESMALINOVICH JUAN CAR        ;00049462;MT ;       22,93;       22,47;MT ;        0,00;        0,00;       ;      ;       ;      ;  55289;       ;BR;3;                                                 
6;22;  68147;238990; 1;FELIPPONE ALBERTO GA; ;0000000;00;10/01/2014;       91,76;      120,00;      120,00;        0,00;      120,00;   11;8002131844;BESMALINOVICH JUAN CAR        ;00049462;MT ;       22,93;       22,47;MT ;        0,00;        0,00;       ;      ;       ;      ;  55289;       ;BR;3;                                                 
6;22;  68147;238990; 2;FELIPPONE ALBERTO GA; ;0000000;00;10/02/2014;       91,75;      120,00;      120,00;        0,00;      120,00;   11;8002131844;BESMALINOVICH JUAN CAR        ;00049462;MT ;       22,93;       22,47;MT ;        0,00;        0,00;       ;      ;       ;      ;  55289;       ;BR;3;                                                 
6;22;  68147;238990; 3;FELIPPONE ALBERTO GA; ;0000000;00;10/03/2014;       91,76;      120,00;      120,00;        0,00;      120,00;   11;8002131844;BESMALINOVICH JUAN CAR        ;00049462;MT ;       22,93;       22,47;MT ;        0,00;        0,00;       ;      ;       ;      ;  55289;       ;BR;3;                                                 
6;22;  68220;     0; 1;BERARDO ELSO PABLO  ; ;0000000;00;10/01/2014;      367,03;      480,00;      480,00;        0,00;      480,00;   11;8002131844;BESMALINOVICH JUAN CAR        ;00049462;MT ;       91,72;       89,89;MT ;        0,00;        0,00;       ;      ;       ;      ;  55416;       ;BR;3;                                                 
6;22;  68224;     0; 1;CAMPANA MIGUEL REINA; ;0000000;00;10/01/2014;       81,54;      106,64;      106,64;        0,00;      106,64;   11;8002131844;BESMALINOVICH JUAN CAR        ;00049462;MT ;       20,38;       19,97;MT ;        0,00;        0,00;       ;      ;       ;      ;       ;       ;BR;3;                                                 
6;22;  68224;     0; 2;CAMPANA MIGUEL REINA; ;0000000;00;10/02/2014;       81,56;      106,67;      106,67;        0,00;      106,67;   11;8002131844;BESMALINOVICH JUAN CAR        ;00049462;MT ;       20,39;       19,98;MT ;        0,00;        0,00;       ;      ;       ;      ;       ;       ;BR;3;                                                 
6;22;  68224;     0; 3;CAMPANA MIGUEL REINA; ;0000000;00;10/03/2014;       81,56;      106,67;      106,67;        0,00;      106,67;   11;8002131844;BESMALINOVICH JUAN CAR        ;00049462;MT ;       20,39;       19,98;MT ;        0,00;        0,00;       ;      ;       ;      ;       ;       ;BR;3;                                                 
6;22;  68227;     0; 1;PICCO  PABLO ANDRES ; ;0000000;00;10/01/2014;       84,10;      110,00;      110,00;        0,00;      110,00;   11;8002131844;BESMALINOVICH JUAN CAR        ;00049462;MT ;       21,31;       20,88;MT ;        0,00;        0,00;       ;      ;       ;      ;  56188;       ;BR;3;                                                 
6;22;  68233;     0; 1;SANDRONE MAURO FEDER; ;0000000;00;10/01/2014;      122,34;      160,00;      160,00;        0,00;      160,00;   11;8002131844;BESMALINOVICH JUAN CAR        ;00049462;MT ;       30,59;       29,98;MT ;        0,00;        0,00;       ;      ;       ;      ;       ;       ;BR;3;                                                 
6;22;  68233;     0; 2;SANDRONE MAURO FEDER; ;0000000;00;10/02/2014;      122,34;      160,00;      160,00;        0,00;      160,00;   11;8002131844;BESMALINOVICH JUAN CAR        ;00049462;MT ;       30,58;       29,97;MT ;        0,00;        0,00;       ;      ;       ;      ;       ;       ;BR;3;                                                 
6;22;  68233;     0; 3;SANDRONE MAURO FEDER; ;0000000;00;10/03/2014;      122,34;      160,00;      160,00;        0,00;      160,00;   11;8002131844;BESMALINOVICH JUAN CAR        ;00049462;MT ;       30,59;       29,98;MT ;        0,00;        0,00;       ;      ;       ;      ;       ;       ;BR;3;                                                 
6;22;  68345;     0; 1;REINA JUAN DAMIAN   ; ;0000000;00;10/01/2014;      244,68;      320,00;      320,00;        0,00;      320,00;   11;8002131844;BESMALINOVICH JUAN CAR        ;00049462;MT ;       61,17;       59,95;MT ;        0,00;        0,00;       ;      ;       ;      ;       ;       ;BR;3;                                                 
6;22;  68346;     0; 1;MAERO GUSTAVO MARCEL; ;0000000;00;10/01/2014;      122,34;      160,00;      160,00;        0,00;      160,00;   11;8002131844;BESMALINOVICH JUAN CAR        ;00049462;MT ;       30,59;       29,98;MT ;        0,00;        0,00;       ;      ;       ;      ;       ;       ;BR;3;                                                 
6;22;  68378;     0; 1;CRAVERO CLAUDIO Y MA; ;0000000;00;24/01/2014;       84,11;      110,00;      110,00;        0,00;      110,00;   11;8002131844;BESMALINOVICH JUAN CAR        ;00049462;MT ;       21,03;       20,61;MT ;        0,00;        0,00;       ;      ;       ;      ;  56184;       ;BR;3;                                                 
6;22;  69462;     0; 1;COMUNICACIONES MOVIL; ;0000000;00;10/01/2014;      489,36;      640,00;      640,00;        0,00;      640,00;   11;8002131844;BESMALINOVICH JUAN CAR        ;00049462;MT ;      122,34;      119,89;MT ;        0,00;        0,00;       ;      ;       ;      ;       ;       ;BR;3;                                                 
6;22;  69594;     0; 1;ROBOTTI VICTOR      ; ;0000000;00;10/02/2014;      734,06;      960,00;      960,00;        0,00;      960,00;   11;8002131844;BESMALINOVICH JUAN CAR        ;00049462;MT ;      186,01;      182,29;MT ;        0,00;        0,00;       ;      ;       ;      ;  56297;       ;BR;3;                                                 
6;22;  69612;     0; 1;GRAZIANI DANIEL ARMA; ;0000000;00;10/02/2014;      368,02;      480,00;      480,00;        0,00;      480,00;   11;8002131844;BESMALINOVICH JUAN CAR        ;00049462;MT ;       93,26;       91,39;MT ;        0,00;        0,00;       ;      ;       ;      ;  56776;       ;BR;3;                                                 
6;22;  69614;     0; 1;BERTAZZO JORGE ORLAN; ;0000000;00;10/02/2014;      367,04;      480,00;      480,00;        0,00;      480,00;   11;8002131844;BESMALINOVICH JUAN CAR        ;00049462;MT ;       91,80;       89,96;MT ;        0,00;        0,00;       ;      ;       ;      ;  56310;       ;BR;3;                                                 
6;22;  69629;     0; 1;LUJAN MARIA LIDIA   ; ;0000000;00;24/01/2014;      244,68;      320,00;      320,00;        0,00;      320,00;   11;8002131844;BESMALINOVICH JUAN CAR        ;00049462;MT ;       61,17;       59,95;MT ;        0,00;        0,00;       ;      ;       ;      ;       ;       ;BR;3;                                                 
6;22;  69640;     0; 1;COLUSSI MARIO Y COLU; ;0000000;00;10/02/2014;      168,22;      220,00;      220,00;        0,00;      220,00;   11;8002131844;BESMALINOVICH JUAN CAR        ;00049462;MT ;       42,06;       41,22;MT ;        0,00;        0,00;       ;      ;       ;      ;  56349;       ;BR;3;                                                 
6;22;  69641;     0; 1;BURATTI  SERGIO EDUA; ;0000000;00;10/02/2014;       84,10;      110,00;      110,00;        0,00;      110,00;   11;8002131844;BESMALINOVICH JUAN CAR        ;00049462;MT ;       21,03;       20,61;MT ;        0,00;        0,00;       ;      ;       ;      ;       ;       ;BR;3;                                                 
6;22;  69650;     0; 1;GIL  ROBERTO MIGUEL ; ;0000000;00;10/02/2014;      122,34;      160,00;      160,00;        0,00;      160,00;   11;8002131844;BESMALINOVICH JUAN CAR        ;00049462;MT ;       30,59;       29,98;MT ;        0,00;        0,00;       ;      ;       ;      ;       ;       ;BR;3;                                                 
6;22;  69687;     0; 1;MONTEQUIN S.A.      ; ;0000000;00;10/02/2014;       84,11;      110,00;      110,00;        0,00;      110,00;   11;8002131844;BESMALINOVICH JUAN CAR        ;00049462;MT ;       21,03;       20,61;MT ;        0,00;        0,00;       ;      ;       ;      ;  56354;       ;BR;3;                                                 
6;22;  69696;     0; 1;SANCHEZ OMAR        ; ;0000000;00;10/02/2014;       84,11;      110,00;      110,00;        0,00;      110,00;   11;8002131844;BESMALINOVICH JUAN CAR        ;00049462;MT ;       21,03;       20,61;MT ;        0,00;        0,00;       ;      ;       ;      ;  56391;       ;BR;3;                                                 
6;22;  69711;     0; 1;LERDA LUIS ADRIAN   ; ;0000000;00;10/02/2014;      367,04;      480,00;      480,00;        0,00;      480,00;   11;8002131844;BESMALINOVICH JUAN CAR        ;00049462;MT ;       91,72;       89,89;MT ;        0,00;        0,00;       ;      ;       ;      ;  56744;       ;BR;3;                                                 
6;22;  69712;     0; 1;LERDA LUIS ADRIAN   ; ;0000000;00;10/02/2014;       84,11;      110,00;      110,00;        0,00;      110,00;   11;8002131844;BESMALINOVICH JUAN CAR        ;00049462;MT ;       21,03;       20,61;MT ;        0,00;        0,00;       ;      ;       ;      ;  56742;       ;BR;3;                                                 
6;22;  69713;     0; 1;MONCHIETTI ARSENIO  ; ;0000000;00;10/02/2014;       84,11;      110,00;      110,00;        0,00;      110,00;   11;8002131844;BESMALINOVICH JUAN CAR        ;00049462;MT ;       21,03;       20,61;MT ;        0,00;        0,00;       ;      ;       ;      ;  56743;       ;BR;3;                                                 
6;22;  69794;     0; 1;MIGNANI JAVIER ANGEL; ;0000000;00;25/02/2014;      168,22;      220,00;      220,00;        0,00;      220,00;   11;8002131844;BESMALINOVICH JUAN CAR        ;00049462;MT ;       42,63;       41,78;MT ;        0,00;        0,00;       ;      ;       ;      ;  57041;       ;BR;3;                                                 
6;22;  69800;     0; 1;FRAPPA HUGO Y MOINE ; ;0000000;00;10/02/2014;      313,00;      409,34;      409,34;        0,00;      409,34;   11;8002131844;BESMALINOVICH JUAN CAR        ;00049462;MT ;       76,06;       74,54;MT ;        0,00;        0,00;       ;      ;       ;      ;  56866;       ;BR;3;                                                 
6;22;  69800;     0; 2;FRAPPA HUGO Y MOINE ; ;0000000;00;10/03/2014;      312,99;      409,33;      409,33;        0,00;      409,33;   11;8002131844;BESMALINOVICH JUAN CAR        ;00049462;MT ;       76,06;       74,54;MT ;        0,00;        0,00;       ;      ;       ;      ;  56866;       ;BR;3;                                                 
6;22;  69820;     0; 1;STOPPA NELVI SUSANA ; ;0000000;00;10/02/2014;      122,34;      160,00;      160,00;        0,00;      160,00;   11;8002131844;BESMALINOVICH JUAN CAR        ;00049462;MT ;       30,59;       29,98;MT ;        0,00;        0,00;       ;      ;       ;      ;       ;       ;BR;3;                                                 
6;22;  69843;     0; 1;LUCARELLI ANTONIO   ; ;0000000;00;25/02/2014;      183,51;      240,00;      240,00;        0,00;      240,00;   11;8002131844;BESMALINOVICH JUAN CAR        ;00049462;MT ;       45,88;       44,96;MT ;        0,00;        0,00;       ;      ;       ;      ;  56909;       ;BR;3;                                                 
6;22;  69843;     0; 2;LUCARELLI ANTONIO   ; ;0000000;00;25/03/2014;      183,51;      240,00;      240,00;        0,00;      240,00;   11;8002131844;BESMALINOVICH JUAN CAR        ;00049462;MT ;       45,88;       44,96;MT ;        0,00;        0,00;       ;      ;       ;      ;  56909;       ;BR;3;                                                 
6;22;  69897;     0; 1;LELLI OMAR ANTONIO  ; ;0000000;00;10/02/2014;       84,10;      110,00;      110,00;        0,00;      110,00;   11;8002131844;BESMALINOVICH JUAN CAR        ;00049462;MT ;       21,03;       20,61;MT ;        0,00;        0,00;       ;      ;       ;      ;       ;       ;BR;3;                                                 
