O;Sc;Poliza ;Endoso;Cu;Asegurado              ;E;No.Rec;CM;Fec.Rec. ;Prima Prop.; Premio Mon.;Premio Pesos; Comis. Neta; Premio Neto;Grupo;Cod.Produc;Productor                     ;Preliq;Cfp; Com.Br.Prod; Com.Ne.Prod;Cfo; Com.Br.Orga; Com.Ne.Orga; Pol.Aut; E.Aut.; Pol.Vid; E.Vida;Renueva;Renovad;TC;V;                                               
6;21;  76846;219037; 1;METALURGICA NP S.A. ; ;0000000;00;16/01/2012;        0,00;       12,00;       12,00;        0,00;       12,00;   11;8002131844;BESMALINOVICH JUAN CAR        ;00049458;MT ;        0,00;        0,00;MT ;        0,00;        0,00;       ;      ;       ;      ;  63739;  90793;BR;3;                                                 
6;21;  82543;     0; 1;BIASUTTO ANTONIA    ; ;0000000;00;25/04/2012;       29,52;       41,52;       41,52;        0,00;       41,52;   11;8002131844;BESMALINOVICH JUAN CAR        ;00049458;MT ;        2,36;        2,31;MT ;        0,00;        0,00;       ;      ;       ;      ;  70079;  95977;BR;3;                                                 
6;21;  90935;     0; 1;MIRJANOVICH CRISTO  ; ;0000000;00;25/12/2012;       59,04;       71,04;       71,04;        0,00;       71,04;   11;8002131844;BESMALINOVICH JUAN CAR        ;00049458;MT ;        4,72;        4,63;MT ;        0,00;        0,00;       ;      ;       ;      ;  77104; 105759;BR;3;                                                 
6;21;  92431;     0; 1;JAURENA HECTOR      ; ;0000000;00;25/01/2013;       29,52;       41,52;       41,52;        0,00;       41,52;   11;8002131844;BESMALINOVICH JUAN CAR        ;00049458;MT ;        2,36;        2,31;MT ;        0,00;        0,00;       ;      ;       ;      ;  78653; 107590;BR;3;                                                 
6;21;  93371;     0; 1;LORENZATI MARIO AGUS; ;0000000;00;25/02/2013;       29,52;       41,52;       41,52;        0,00;       41,52;   11;8002131844;BESMALINOVICH JUAN CAR        ;00049458;MT ;        2,36;        2,31;MT ;        0,00;        0,00;       ;      ;       ;      ;  79534;       ;BR;3;                                                 
6;21;  94268;     0; 1;LELLI  MARIANA RAQUE; ;0000000;00;25/02/2013;       29,52;       41,52;       41,52;        0,00;       41,52;   11;8002131844;BESMALINOVICH JUAN CAR        ;00049458;MT ;        2,36;        2,31;MT ;        0,00;        0,00;       ;      ;       ;      ;  80672;       ;BR;3;                                                 
6;21;  95977;     0; 1;BIASUTTO ANTONIA    ; ;0000000;00;25/04/2013;       29,52;       41,52;       41,52;        0,00;       41,52;   11;8002131844;BESMALINOVICH JUAN CAR        ;00049458;MT ;        2,36;        2,31;MT ;        0,00;        0,00;       ;      ;       ;      ;  82543;       ;BR;3;                                                 
6;21;  98211;     0; 1;PIEDRA MERCEDES     ; ;0000000;00;25/06/2013;       29,52;       41,52;       41,52;        0,00;       41,52;   11;8002131844;BESMALINOVICH JUAN CAR        ;00049458;MT ;        2,36;        2,31;MT ;        0,00;        0,00;       ;      ;       ;      ;  84062;       ;BR;3;                                                 
6;21; 100835;     0; 1;RESIALE  NELIDA DORA; ;0000000;00;09/08/2013;       29,52;       41,52;       41,52;        0,00;       41,52;   11;8002131844;BESMALINOVICH JUAN CAR        ;00049458;MT ;        1,18;        1,16;MT ;        0,00;        0,00;       ;      ;       ;      ;       ;       ;BR;3;                                                 
6;21; 100877;     0; 1;MORAN JORGE ISMAEL  ; ;0000000;00;09/08/2013;       29,52;       41,52;       41,52;        0,00;       41,52;   11;8002131844;BESMALINOVICH JUAN CAR        ;00049458;MT ;        1,18;        1,16;MT ;        0,00;        0,00;       ;      ;       ;      ;       ;       ;BR;3;                                                 
6;21; 100945;     0; 1;ROJAS ESTELA MARYS  ; ;0000000;00;23/08/2013;       29,52;       41,52;       41,52;        0,00;       41,52;   11;8002131844;BESMALINOVICH JUAN CAR        ;00049458;MT ;        1,18;        1,16;MT ;        0,00;        0,00;       ;      ;       ;      ;       ;       ;BR;3;                                                 
6;21; 100946;     0; 1;SUC.DE CUNEO CARLOS ; ;0000000;00;23/08/2013;       29,52;       41,52;       41,52;        0,00;       41,52;   11;8002131844;BESMALINOVICH JUAN CAR        ;00049458;MT ;        1,18;        1,16;MT ;        0,00;        0,00;       ;      ;       ;      ;       ;       ;BR;3;                                                 
6;21; 103565;     0; 1;GIEROTTO SERGIO VALE; ;0000000;00;25/10/2013;       29,52;       41,52;       41,52;        0,00;       41,52;   11;8002131844;BESMALINOVICH JUAN CAR        ;00049458;MT ;        1,18;        1,16;MT ;        0,00;        0,00;       ;      ;       ;      ;  88865;       ;BR;3;                                                 
6;21; 103987;     0; 1;GILLI LUIS ESTEBAN  ; ;0000000;00;08/11/2013;       29,52;       41,52;       41,52;        0,00;       41,52;   11;8002131844;BESMALINOVICH JUAN CAR        ;00049458;MT ;        1,18;        1,16;MT ;        0,00;        0,00;       ;      ;       ;      ;       ;       ;BR;3;                                                 
6;21; 104007;     0; 1;MONCHIETTI ARSENIO  ; ;0000000;00;08/11/2013;       29,52;       41,52;       41,52;        0,00;       41,52;   11;8002131844;BESMALINOVICH JUAN CAR        ;00049458;MT ;        1,18;        1,16;MT ;        0,00;        0,00;       ;      ;       ;      ;       ;       ;BR;3;                                                 
6;21; 104929;     0; 1;CERQUETTI JOSE VICEN; ;0000000;00;25/11/2013;       29,52;       41,52;       41,52;        0,00;       41,52;   11;8002131844;BESMALINOVICH JUAN CAR        ;00049458;MT ;        1,18;        1,16;MT ;        0,00;        0,00;       ;      ;       ;      ;  90209;       ;BR;3;                                                 
6;21; 105100;     0; 1;PETTITI JULIO CESAR ; ;0000000;00;25/11/2013;       29,52;       41,52;       41,52;        0,00;       41,52;   11;8002131844;BESMALINOVICH JUAN CAR        ;00049458;MT ;        1,18;        1,16;MT ;        0,00;        0,00;       ;      ;       ;      ;       ;       ;BR;3;                                                 
6;21; 105759;     0; 1;MIRJANOVICH CRISTO  ; ;0000000;00;25/12/2013;       59,04;       71,04;       71,04;        0,00;       71,04;   11;8002131844;BESMALINOVICH JUAN CAR        ;00049458;MT ;        2,36;        2,31;MT ;        0,00;        0,00;       ;      ;       ;      ;  90935;       ;BR;3;                                                 
6;21; 106261;     0; 1;PILAR LILIANA NOELIA; ;0000000;00;25/12/2013;       29,52;       41,52;       41,52;        0,00;       41,52;   11;8002131844;BESMALINOVICH JUAN CAR        ;00049458;MT ;        1,18;        1,16;MT ;        0,00;        0,00;       ;      ;       ;      ;       ;       ;BR;3;                                                 
6;22;  55289;210775; 5;FELIPPONE ALBERTO GA; ;0000000;00;10/12/2013;        6,88;        9,00;        9,00;        0,00;        9,00;   11;8002131844;BESMALINOVICH JUAN CAR        ;00049458;MT ;        1,72;        1,69;MT ;        0,00;        0,00;       ;      ;       ;      ;  46279;  68147;BR;3;                                                 
6;22;  55289;210775; 6;FELIPPONE ALBERTO GA; ;0000000;00;12/12/2013;        6,88;        9,00;        9,00;        0,00;        9,00;   11;8002131844;BESMALINOVICH JUAN CAR        ;00049458;MT ;        1,72;        1,69;MT ;        0,00;        0,00;       ;      ;       ;      ;  46279;  68147;BR;3;                                                 
6;22;  57719;236140; 1;SASSAROLI  SEBASTIAN; ;0000000;00;10/12/2013;      122,34;      160,00;      160,00;        0,00;      160,00;   11;8002131844;BESMALINOVICH JUAN CAR        ;00049458;MT ;       31,00;       30,38;MT ;        0,00;        0,00;       ;      ;       ;      ;       ;       ;BR;3;                                                 
6;22;  62721;     0; 3;BORRI DANIEL ALCIDES; ;0000000;00;10/12/2013;       30,59;       40,00;       40,00;        0,00;       40,00;   11;8002131844;BESMALINOVICH JUAN CAR        ;00049458;MT ;        7,65;        7,50;MT ;        0,00;        0,00;       ;      ;       ;      ;       ;       ;BR;3;                                                 
6;22;  66954;     0; 2;BAZAN TERESA MARIA  ; ;0000000;00;10/12/2013;       30,58;       40,00;       40,00;        0,00;       40,00;   11;8002131844;BESMALINOVICH JUAN CAR        ;00049458;MT ;        7,65;        7,50;MT ;        0,00;        0,00;       ;      ;       ;      ;       ;       ;BR;3;                                                 
6;22;  67245;     0; 2;BORDIGA ALDO ANTONIO; ;0000000;00;08/12/2013;       84,11;      110,00;      110,00;        0,00;      110,00;   11;8002131844;BESMALINOVICH JUAN CAR        ;00049458;MT ;       21,03;       20,61;MT ;        0,00;        0,00;       ;      ;       ;      ;       ;       ;BR;3;                                                 
6;22;  67625;     0; 1;GARELLO OCTAVIO MARC; ;0000000;00;10/12/2013;      734,06;      960,00;      960,00;        0,00;      960,00;   11;8002131844;BESMALINOVICH JUAN CAR        ;00049458;MT ;      183,52;      179,85;MT ;        0,00;        0,00;       ;      ;       ;      ;  54547;       ;BR;3;                                                 
6;22;  67683;     0; 1;FONTANA  HORACIO SAN; ;0000000;00;10/12/2013;       84,10;      110,00;      110,00;        0,00;      110,00;   11;8002131844;BESMALINOVICH JUAN CAR        ;00049458;MT ;       21,31;       20,88;MT ;        0,00;        0,00;       ;      ;       ;      ;  55014;       ;BR;3;                                                 
6;22;  67888;     0; 1;ROCCIA MARICEL      ; ;0000000;00;10/12/2013;       30,58;       40,00;       40,00;        0,00;       40,00;   11;8002131844;BESMALINOVICH JUAN CAR        ;00049458;MT ;        7,65;        7,50;MT ;        0,00;        0,00;       ;      ;       ;      ;       ;       ;BR;3;                                                 
6;22;  67897;     0; 1;GRAZIANI DANIEL ARMA; ;0000000;00;25/12/2013;      168,20;      220,00;      220,00;        0,00;      220,00;   11;8002131844;BESMALINOVICH JUAN CAR        ;00049458;MT ;       42,62;       41,77;MT ;        0,00;        0,00;       ;      ;       ;      ;  55299;       ;BR;3;                                                 
6;22;  67965;     0; 1;ALLENDE  ELSO RAUL  ; ;0000000;00;25/12/2013;      367,03;      480,00;      480,00;        0,00;      480,00;   11;8002131844;BESMALINOVICH JUAN CAR        ;00049458;MT ;       92,97;       91,11;MT ;        0,00;        0,00;       ;      ;       ;      ;  55327;       ;BR;3;                                                 
6;22;  67966;     0; 1;OBULGEN MARISA DEL V; ;0000000;00;25/12/2013;      368,03;      480,00;      480,00;        0,00;      480,00;   11;8002131844;BESMALINOVICH JUAN CAR        ;00049458;MT ;       93,22;       91,36;MT ;        0,00;        0,00;       ;      ;       ;      ;  55328;       ;BR;3;                                                 
6;22;  67978;     0; 1;CRAVERO ITALO JOSE  ; ;0000000;00;25/12/2013;        1,00;      220,00;      220,00;        0,00;      220,00;   11;8002131844;BESMALINOVICH JUAN CAR        ;00049458;MT ;        0,25;        0,24;MT ;        0,00;        0,00;       ;      ;       ;      ;  55156;       ;BR;3;                                                 
6;22;  67983;     0; 1;MORALES ALDO        ; ;0000000;00;25/12/2013;      367,03;      480,00;      480,00;        0,00;      480,00;   11;8002131844;BESMALINOVICH JUAN CAR        ;00049458;MT ;       91,72;       89,89;MT ;        0,00;        0,00;       ;      ;       ;      ;  55189;       ;BR;3;                                                 
6;22;  67991;     0; 1;CARRANZA PEDRO RAMON; ;0000000;00;25/12/2013;       84,10;      110,00;      110,00;        0,00;      110,00;   11;8002131844;BESMALINOVICH JUAN CAR        ;00049458;MT ;       21,03;       20,61;MT ;        0,00;        0,00;       ;      ;       ;      ;       ;       ;BR;3;                                                 
6;22;  68112;     0; 1;CECCHINI JAVIER AKEJ; ;0000000;00;25/12/2013;       84,10;      110,00;      110,00;        0,00;      110,00;   11;8002131844;BESMALINOVICH JUAN CAR        ;00049458;MT ;       21,03;       20,61;MT ;        0,00;        0,00;       ;      ;       ;      ;       ;       ;BR;3;                                                 
6;22;  68114;     0; 1;LUBATTI LEONARDO Y B; ;0000000;00;25/12/2013;      122,34;      160,00;      160,00;        0,00;      160,00;   11;8002131844;BESMALINOVICH JUAN CAR        ;00049458;MT ;       30,59;       29,98;MT ;        0,00;        0,00;       ;      ;       ;      ;       ;       ;BR;3;                                                 
